LU 11 641

m ....·.-*Ἦ-

lu5,t 1111110,11111100,11·1110. 11111,11ρβο1.1111111 011011011111101111101100·

611110111111013,11111111101.10111111· soter.

11, hapsak, hapses. Lyda, 1111110101, 10 11,11101 10010101, 1111110101
Ι1111,10110101,01110110101.011ῃο1 10101101, 1111011101 111101 Lydig,
1111111,1111101,1111101111,011.1111001,1111101101111111111011101110811· Lyd-

1110110100.01110110100111101,1011010111.
1111111111,1110111011,1111111011,10031100.1111·,031101 1031101001111110 131111,
11111,0110111111, 0111010111110. 1030001101.
1111131,110111-11.111131111310110101101113111111011101,11,11101 11101, 0110101

10 111113111,10111101ν111κ. 111101.1111111,1,111101,11011101.
11111,1111110110,1111111111111101.1113133111.
1111Ι,11110111001101110,1110 8111111111·131111101101000010,11101010101011011111.

1111111111,111111101,0111101101,11101101 11111111011101,ρο1101,11’11101.1111111111

11111101, 1101101. 11111,11110111101011111111111 1111· 0111101. L ysa
1011111310,1110130100111111101 111101- 1111, 11111111 101. 13111111, 11111010, 11111010.

11010. [11111113 qwoks,o 1101100111010131111113,
1101111110111110. 1111311101. F5 111, 11111101. 11101111103,101111110111,1011101010.
11111, 11110101,11101 111110111111101011110011010,111101,101001111101,11111101.
1111, 1111110, 11110, 111110. 1111111111· 11111,1.1,111111 11110,01ηο 1111110111.

1011010,11111110,1110110011001.111011,110111010,0010011. Om 1110011110
1111,1111010111,1111111,111110. 31101101, 1111011100
1111310000,1011110101,11101101,111111100,111111,1111110101,1“11011011111110101.’

0111011,11101100.1310111110,01111110,10110,11111110,1011
1111,111111011011”0, 011111, 1111111111. L5c5a, 0110101,1011110101,111101101,110110101.
Luta, 111111,111111101 01,-,1110101101 11111111 11110111, 101110.

11330101 10111111111011111 11111111- 1111111011.1111111111,1101 11111·

0110001111 1110101, 0110 111101 10111101. pLuta 001, 1111101101.

13 .,011111 1111011101 [011,111133001101.111,10111110,1110100,1000100110.1111·

Luta utf5r,e 01110101 1111111,11111- [1113,110111010011ιι10111.1111111111·

101,11133001.1111,111110.
1111011,11111101,1110101,1111001, L5stig, 103110101011101011110. ,1111131111
1111111,101001,ρο111101,]111130101 11111113, 1110111000 11101001. “
Ly,c5a wuorb,e 11111110 1311111011, 11110111. 1111, 11111, 111110 l5pt.
111111,11110110110111110101111101,1111110· L sva, t5iwotet 1,0101. 111001111111111· .
, ’1101, 111101011111101. 1111,11000101,101111101,01011101,1111110101.
Lycka, lyckja, 1111110. 1111111301,1111·1110111,111010100,1010101010.

1101,1)1101101,1103301. , 113,0110110100,0111011011110.11111131,
11111113, 0001101010,111101010111111310101111101.1.1311111,111101.

11111010010110, 1111011111. 1111311111111110. 11111131, 1111111101.
1111111,111101110011110,111010111110.111111· 11111,10010111011101,111100 1101110111·

30110,11010111001111. , Mmmm Ι m

 

